1 100
001 100 
001 42
002 68
003 35
004 1
005 70
006 25
007 79
008 59
009 63
010 65
011 6
012 46
013 82
014 28
015 62
016 92
017 96
018 43
019 28
020 37
021 92
022 5
023 3
024 54
025 93
026 83
027 22
028 17
029 19
030 96
031 48
032 27
033 72
034 39
035 70
036 13
037 68
038 100
039 36
040 95
041 4
042 12
043 23
044 34
045 74
046 65
047 42
048 12
049 54
050 69
051 48
052 45
053 63
054 58
055 38
056 60
057 24
058 42
059 30
060 79
061 17
062 36
063 91
064 43
065 89
066 7
067 41
068 43
069 65
070 49
071 47
072 6
073 91
074 30
075 71
076 51
077 7
078 2
079 94
080 49
081 30
082 24
083 85
084 55
085 57
086 41
087 67
088 77
089 32
090 9
091 45
092 40
093 27
094 24
095 38
096 39
097 19
098 83
099 30
100 42