17 100
001 099
002 003
004 005
079 001
002 088
065 099
022 038
077 024
006 023
015 023
001 007
008 009
009 100
022 088
010 011
066 073
013 017
001 41
002 67
003 34
004 1
005 69
006 24
007 78
008 58
009 62
010 64
011 5
012 45
013 81
014 27
015 61
016 91
017 95
018 42
019 27
020 36
021 91
022 4
023 2
024 53
025 92
026 82
027 21
028 16
029 18
030 95
031 47
032 26
033 71
034 38
035 69
036 12
037 67
038 99
039 35
040 94
041 3
042 11
043 22
044 33
045 73
046 64
047 41
048 11
049 53
050 68
051 47
052 44
053 62
054 57
055 37
056 59
057 23
058 41
059 29
060 78
061 16
062 35
063 90
064 42
065 88
066 6
067 40
068 42
069 64
070 48
071 46
072 5
073 90
074 29
075 70
076 50
077 6
078 1
079 93
080 48
081 29
082 23
083 84
084 54
085 56
086 40
087 66
088 76
089 31
090 8
091 44
092 39
093 26
094 23
095 37
096 38
097 18
098 82
099 29
100 41