100 100
001 002
002 003
003 004
004 005
005 006
006 007
007 008
008 009
009 010
010 011
011 012
012 013
013 014
014 015
015 016
016 017
017 018
018 019
019 020
020 021
021 022
022 023
023 024
024 025
025 026
026 027
027 028
028 029
029 030
030 031
031 032
032 033
033 034
034 035
035 036
036 037
037 038
038 039
039 040
040 041
041 042
042 043
043 044
044 045
045 046
046 047
047 048
048 049
049 050
050 051
051 052
052 053
053 054
054 055
055 056
056 057
057 058
058 059
059 060
060 061
061 062
062 063
063 064
064 065
065 066
066 067
067 068
068 069
069 070
070 071
071 072
072 073
073 074
074 075
075 076
076 077
077 078
078 079
079 080
080 081
081 082
082 083
083 084
084 085
085 086
086 087
087 088
088 089
089 090
090 091
091 092
092 093
093 094
094 095
095 096
096 097
097 098
098 099
099 100
100 001 
001 42
002 68
003 35
004 1
005 70
006 25
007 79
008 59
009 63
010 65
011 6
012 46
013 82
014 28
015 62
016 92
017 96
018 43
019 28
020 37
021 92
022 5
023 3
024 54
025 93
026 83
027 22
028 17
029 19
030 96
031 48
032 27
033 72
034 39
035 70
036 13
037 68
038 100
039 36
040 95
041 4
042 12
043 23
044 34
045 74
046 65
047 42
048 12
049 54
050 69
051 48
052 45
053 63
054 58
055 38
056 60
057 24
058 42
059 30
060 79
061 17
062 36
063 91
064 43
065 89
066 7
067 41
068 43
069 65
070 49
071 47
072 6
073 91
074 30
075 71
076 51
077 7
078 2
079 94
080 49
081 30
082 24
083 85
084 55
085 57
086 41
087 67
088 77
089 32
090 9
091 45
092 40
093 27
094 24
095 38
096 39
097 19
098 83
099 30
100 42